"RDA1" "RDA2" "" ""
"ame_qua" 0.964111634590355 0.26549718651525 0.0147596700596754 0.909
"and_alf" 0.152944560020163 0.988234770467139 0.0862760369390297 0.393
"and_api" 0.438865250380395 -0.898552887708093 0.133665369583094 0.116
"and_ass" -0.814319680524864 0.580416624425838 0.11818000358846 0.161
"and_bic" 0.66275826288966 0.748833416035556 0.0787316306691075 0.275
"and_bim" 0.9996238452417 0.0274256818365283 0.141969825990203 0.078
"and_cin" 0.0262286690445773 -0.999655969281507 0.0270276152310135 0.746
"and_com" 0.977307121470007 -0.211827265298895 0.0255115007505768 0.762
"and_den" 0.85083436627962 0.525433993150003 0.178688896647037 0.054
"and_dor" 0.545286243604771 0.838249910548995 0.165624059786793 0.068
"and_fla" -0.132711693790977 0.991154683352266 0.112139295884685 0.193
"and_flo" -0.849832079151731 -0.52705354305293 0.158649111637954 0.075
"and_ful" -0.933219672376484 -0.359306335999698 0.258601174748261 0.01
"and_gel" -0.997664464836268 -0.0683053116745879 0.049456854268744 0.534
"and_gra" 0.888069600974442 0.459709020821971 0.0540552442626172 0.482
"and_hae" -0.735678575692137 -0.677330815235502 0.371640724128068 0.003
"and_hat" -0.421170434670149 0.90698151301984 0.021282438445473 0.714
"and_lab" -0.55295567552675 -0.83321067018057 0.0676422962188658 0.414
"and_min" -0.828220847983979 -0.560401844183885 0.0536959856946119 0.448
"and_mit" 0.106406462281927 0.994322716619028 0.257741157914706 0.007
"and_nas" 0.0508742750944964 0.998705065639305 0.0500350367724925 0.492
"and_nig" 0.541176626274175 0.84090894820694 0.244927520626671 0.016
"and_nit" 0.470778218511443 -0.882251590520069 0.0873827555849129 0.267
"and_pil" 0.260335040611845 0.965518340907944 0.165869397561229 0.072
"and_sim" 0.357675113282998 0.933846086535674 0.0758973920913372 0.339
"and_sub" 0.920569756209678 0.390578191854146 0.0598505040238171 0.43
"and_tho" 0.184900721307806 0.982757204633908 0.387732761075634 0.002
"and_vag" -0.824008645295925 -0.566577225519677 0.0442774269339845 0.56
"and_wil" 0.234054431072913 0.972223494519205 0.245856400243425 0.01
"ant_str" -0.997991775468055 -0.063343635024514 0.128076690487317 0.149
"pse_lit" 0.138287739280797 0.99039209465979 0.133621550150497 0.035
"ant_man" -0.00552845547879442 0.999984717973239 0.22760012897082 0.019
"ant_pun" -0.155012078125548 0.987912574894762 0.251228620914275 0.011
"osm_spi" 0.893193285947395 -0.449672941078842 0.0943955858386648 0.218
"ant_bim" 0.866206585275564 0.499686053062567 0.0759201233039248 0.301
"ant_fur" -0.771949777116652 0.635683523154054 0.264954781621252 0.009
"ant_qua" 0.152944560020163 0.988234770467139 0.0862760369390297 0.393
"bom_con" -0.929446529421593 0.368956838866223 0.0338172291535271 0.683
"bom_hor" -0.332784298924757 0.943002974750959 0.0932847534724296 0.247
"bom_hum" 0.312818046970831 0.949813070814123 0.0535703695111226 0.491
"bom_hyp" -0.843445761455941 -0.537214340354023 0.053224477269095 0.465
"bom_lap" 0.378865034310047 0.925451935962774 0.16888628627166 0.067
"bom_mus" -0.605566801532865 0.795794476533518 0.118338802044108 0.15
"bom_pas" 0.750564027029941 0.660797731025613 0.365973699386214 0.006
"bom_pra" 0.362190134624061 0.932104235791794 0.107490935107268 0.202
"bom_rud" 0.556218735594661 0.831035930735535 0.215808943898412 0.034
"bom_sch" 0.0965651888292088 0.995326662109671 0.291161935787638 0.004
"bom_sem" 0.521258412439862 0.853398891176146 0.122093273136454 0.159
"bom_sor" -0.95016625971541 0.311743610838183 0.00585931498117899 0.916
"bom_sub" -0.808089355234993 -0.589059923909184 0.120801674247083 0.095
"bom_syl" -0.994645369832326 0.103346931599906 0.0348588951028992 0.599
"bom_ter.luc" 0.943400950804864 0.331654407509502 0.02629028130584 0.659
"bom_vet" -0.166836409876878 -0.985984590315383 0.00326078347080151 0.949
"cer_cya" 0.327743454948267 -0.944766758379322 0.0302514126235315 0.655
"meg_eri" 0.984403973606549 -0.175922757901405 0.00726338724419868 0.966
"che_rap" -0.995102345440525 -0.0988499979704869 0.0936256104837852 0.295
"col_cun" -0.970935942897959 -0.239339496926125 0.0448373327221928 0.514
"col_dav" 0.996578437388428 -0.082652393386027 0.122217013133054 0.132
"col_fod" 0.908596659990727 -0.417674645452289 0.448375220633302 0.001
"col_mar" 0.349383969626831 0.93697963786189 0.0519690214530899 0.464
"col_nas" 0.996348587492871 0.0853785230661698 0.0479268244133723 0.498
"col_sim" 0.993433756079991 -0.114408794595523 0.0640756939300686 0.356
"das_arg" -0.0519989143324321 0.998647141340848 0.0340065608493412 0.76
"das_hir" -0.898823204642133 0.43831135827953 0.103954506225837 0.237
"euc_lon" 0.378071337358206 0.925776465389015 0.167013722072313 0.061
"hal_con" 0.257918147250949 -0.966166770965882 0.0213116362640478 0.74
"hal_gav" -0.0531157913536702 0.998588359990679 0.0309905683294496 0.817
"hal_leu" 0.797386035335298 0.603469560667525 0.0641418313037345 0.38
"hal_mac" -0.444366230112995 0.895845217398165 0.0259450481257027 0.685
"hal_qua" -0.963833640694774 -0.266504621095126 0.162271959047207 0.076
"hal_rub" -0.160665544355176 -0.987008907182228 0.0290379663467183 0.687
"hal_sex" 0.996123073612016 -0.0879705758634686 0.0871395225279026 0.268
"hal_sim" 0.16222102299634 0.986754447518744 0.114511859737074 0.176
"hal_sub" -0.948840251263579 -0.315756516293913 0.0964269885446689 0.231
"hal_tum" 0.303198325121768 0.952927476591663 0.254841786141241 0.013
"her_cre" -0.313470651554719 -0.949597888905541 0.0473814185042289 0.499
"her_tru" -0.949200965535953 -0.314670505490447 0.0158220575440605 0.801
"hop_adu" 0.496699367273588 0.867922657009262 0.0869173169479921 0.272
"hop_cla" -0.263395451388 0.96468794757067 0.0525553164316797 0.513
"hop_leu" 0.937984061128989 -0.346678382752616 0.113450599374649 0.157
"hop_tri" -0.0519989143324321 0.998647141340848 0.0340065608493412 0.76
"hyl_ang" 0.585660089998214 0.810556758643886 0.0236372010615053 0.872
"hyl_bre" -0.0533518919116367 -0.998575773604311 0.0279061322452051 0.657
"hyl_com" -0.503886718138943 -0.863769746682045 0.115286934214072 0.16
"hyl_con" 0.916968475341271 -0.398959666169783 0.351380067198687 0.003
"hyl_dif" 0.330016889223044 0.943975027650385 0.0446091719352777 0.522
"hyl_dil" 0.592596998014901 0.805499098661027 0.137614223744794 0.122
"hyl_gib" 0.787075284526125 0.616856949776947 0.0400409329426235 0.558
"hyl_gre" 0.585660089998214 0.810556758643886 0.0236372010615053 0.872
"hyl_nig" -0.729016946959355 0.684495647207534 0.0787106595785213 0.298
"hyl_rin" 0.152944560020163 0.988234770467139 0.0862760369390297 0.393
"hyl_sty" 0.350072267358479 0.936722695159295 0.0527285217031894 0.433
"las_alb" 0.829015828212944 -0.559225139431701 0.123757778504408 0.143
"las_bre" -0.107347325871926 0.994221580749556 0.0120768107229989 0.966
"las_cal" 0.0183995378924926 -0.999830714173826 0.00225517548152445 0.97
"las_cos" 0.725402724873907 0.688324695725434 0.227891268001615 0.017
"las_fra" 0.78462868400187 -0.619965989584504 0.0668203595464321 0.421
"las_ful" -0.996431501938112 -0.084405343109057 0.108203882169832 0.19
"las_lat" -0.882087996403795 -0.471084670309211 0.245265685454401 0.001
"las_leu" 0.0837641028121572 -0.996485612078807 0.140036909416746 0.107
"las_leuc" 0.479347617294146 -0.877625126004506 0.0903705128000537 0.251
"las_lin" 0.934257937464788 -0.356597961693614 0.00118386486207627 0.98
"las_luc" 0.844937009101614 -0.534865824904171 0.233847303502847 0.02
"las_qua" 0.784628684001871 -0.619965989584503 0.0668203595464321 0.421
"las_maj" 0.991893304472296 -0.127073492684467 0.133139856856522 0.131
"las_min" -0.406900767425698 -0.913472367107171 0.00639465648184836 0.877
"las_mor" 0.0912311987517346 -0.995829738647286 0.0691932060432264 0.355
"las_pau" 0.506697726123152 -0.862123781333996 0.06543111780204 0.391
"las_pun" 0.152944560020163 0.988234770467139 0.0862760369390297 0.393
"las_sex" -0.813618950425337 0.581398489427667 0.0442253546975101 0.498
"las_sexs" 0.547183810382101 -0.83701247162496 0.0241603684588176 0.81
"las_sub" 0.707115563714635 -0.707097998549376 0.0936949124167923 0.297
"las_vil" 0.908766637285498 -0.417304683602771 0.018078005763682 0.749
"las_zon" 0.686830810041222 -0.726817334946077 0.043177462205488 0.55
"mac_eur" -0.996476006598785 0.0838782944088515 0.142840175166263 0.105
"meg_alp" -0.105340789849081 0.994436180955808 0.0605163830370826 0.487
"meg_cen" -0.858779092696669 -0.512346045117054 0.00891128020425655 0.891
"meg_cir" 0.0238822280893087 0.999714778915212 0.203107912644421 0.014
"meg_lag" -0.209116521656504 -0.977890730281397 0.0226775494317772 0.793
"meg_lig" -0.824926263810219 -0.565240355314544 0.109245553823267 0.192
"meg_mar" 0.217710643617199 0.976013358338801 0.0956342230551076 0.219
"meg_pli" 0.669868913592785 0.742479385977834 0.020900832215227 0.75
"meg_rot" 0.0508742750944964 0.998705065639305 0.0500350367724925 0.492
"meg_ver" -0.337826327611557 0.941208463823232 0.0489056788847638 0.493
"meg_wil" -0.757576710052802 -0.652746143907089 0.0812200735858449 0.294
"mel_hae" -0.990474441962057 -0.137696695021893 0.0595196127748296 0.563
"mel_lep" 0.991791586499273 0.127864963728362 0.146700120544716 0.103
"mel_nig" -0.105340789849081 0.994436180955808 0.0605163830370826 0.487
"mel_tri" -0.897249523133133 -0.441523830882735 0.0359837236465709 0.626
"osm_bic" -0.227554458606327 -0.973765355908897 0.140200333086528 0.106
"osm_cae" 0.156700653704316 -0.987646143681349 0.110730300651296 0.202
"osm_lea" 0.152944560020163 0.988234770467139 0.0862760369390297 0.393
"pan_cal" -0.997585046363858 -0.0694555632848748 0.096454347392594 0.226
"rho_can" -0.0519989143324321 0.998647141340848 0.0340065608493412 0.76
"rop_qui" -0.525977853660926 0.850498264230001 0.0859913089328574 0.266
"sys_cur" -0.999954898118897 -0.00949745902995747 0.095747082257464 0.225
"tet_den" -0.947782089985206 0.318918657189062 0.120489840996642 0.16
"tet_mal" 0.115782567632418 0.993274582898629 0.0400358104847097 0.643
"tet_sal" -0.392720327298725 0.91965794974348 0.298292792169246 0.007
"tra_bys" 0.703917415454932 0.710281825910849 0.150529443795122 0.104
"aly_spi" -0.975798964925239 -0.218669568186415 0.0628334310514015 0.435
"amm_cam" 0.717682228846861 0.696370747804215 0.167266113621373 0.052
"amm_sab" -0.0864240372000523 0.996258443273654 0.136597369780875 0.115
"ast_boo" -0.494757656194919 -0.869030990032295 0.164231409485269 0.071
"ast_min" 0.218230824937533 0.975897180571337 0.0182750244212182 0.903
"bem_tri" 0.972856944883072 -0.23140735682509 0.0412346071089284 0.574
"bem_ros" 0.160113723470608 0.987098574386762 0.0817402962610619 0.258
"cer_alb" 0.526305582165311 0.850295498154397 0.146393330342804 0.067
"cer_are" 0.834576641846588 0.550891848627362 0.0836202028190143 0.278
"cer_int" 0.984458969174202 -0.175614743152355 0.0674855747723653 0.361
"cer_qui" 0.14983366175685 0.988711218609627 0.207475034401909 0.039
"cer_ruf" 0.25871049218488 0.965954906418233 0.265702162554147 0.011
"cer_ryb" -0.999445809882471 -0.0332877321001447 0.177741428840771 0.058
"cra_cri" -0.902577818847577 -0.430526748210086 0.47450932726624 0.001
"cra_pel" 0.19462802924096 -0.98087712290265 0.0669995784718193 0.385
"cro_wes" 0.707115563714635 -0.707097998549376 0.0936949124167923 0.297
"dio_lup" -0.903884902748808 0.427775738656106 0.0516046264319135 0.523
"dio_min" -0.485457586941068 -0.874260219432038 0.0186325258571306 0.792
"dui_tri" -0.982168891262129 -0.188000715522362 0.267096852710032 0.009
"din_pic" -0.748403745591386 -0.663243419556337 0.0433526711694199 0.645
"dry_pin" -0.436498214529649 -0.899705123200056 0.0594568215164303 0.423
"dry_sti" 0.796627968968753 -0.604469915758196 0.103526718392949 0.206
"ect_con" 0.762965539845334 -0.646439158009877 0.627452083841054 0.001
"ect_cont" 0.819159725970823 -0.573565465616093 0.329929308543644 0.004
"ect_div" 0.830808177142016 -0.556558867321293 0.424835137475672 0.001
"ect_lap" 0.723384588842482 -0.690445317621311 0.513205107866398 0.001
"ect_rub" 0.726703752194515 -0.68695098554876 0.808359520377448 0.001
"ent_bre" -0.854228414046585 -0.519897890585695 0.1927112345204 0.045
"har_lae" -0.808089355234993 -0.589059923909184 0.120801674247083 0.095
"gor_lat" 0.585660089998214 0.810556758643887 0.0236372010615053 0.872
"gor_qui" -0.613849092370133 0.789423391974398 0.0520797457191451 0.451
"gor_qua" -0.667374241932414 0.744722512889959 0.00500624667377102 0.926
"har_lun" 0.567258736617695 -0.823539632155549 0.0476909120279242 0.617
"les_ala" -0.0273543430380966 0.999625799945637 0.072360314319151 0.295
"les_cly" -0.822766809079786 -0.568379079379834 0.109996597269813 0.173
"les_sub" -0.105340789849081 0.994436180955808 0.0605163830370826 0.487
"lin_alb" -0.935520889563706 -0.353271376125965 0.481022952396889 0.001
"lin_pyg" -0.86661331807417 -0.49898031718343 0.443753475190455 0.001
"mim_bru" 0.682616560411348 -0.730776731602875 0.103825389940572 0.184
"mim_atr" -0.981425048942125 -0.191845962451515 0.0445164357709294 0.634
"mim_bea" -0.898743591098995 -0.438474580173678 0.0329027885981504 0.81
"mim_uni" -0.228926666156939 -0.973443671468601 0.0334339544822585 0.672
"oxy_bip" -0.916115359319512 -0.400914764530919 0.42931744216728 0.001
"oxy_hae" 0.433292709435077 -0.901253254058153 0.155047563209141 0.077
"oxy_man" -0.444483980586063 -0.895786799971047 0.101986027134873 0.204
"oxy_qua" -0.92405688677293 -0.382254980356726 0.104961880331513 0.198
"oxy_tri" -0.999982315534585 -0.00594715209899522 0.333268505122599 0.002
"oxy_uni" 0.327933663173957 -0.944700752914546 0.0869112468437231 0.273
"oxy_var" 0.324934423524451 -0.945736549155648 0.208643373905331 0.038
"pem_fab" 0.0351984221137079 -0.999380343553297 0.0866050131581507 0.279
"pem_ino" 0.853021362517405 -0.521875995892654 0.251431381836953 0.013
"pem_let" 0.84739433853106 -0.530964061896384 0.398732688049136 0.004
"pem_wes" 0.682616560411348 -0.730776731602875 0.103825389940572 0.184
"phi_tra" -0.682872713968393 0.730537375168062 0.203759679189632 0.029
"pod_aff" -0.859494285437287 0.511145354376471 0.0142280449953525 0.82
"pod_hir" 0.194275491534501 0.980947008451031 0.1516139947818 0.067
"pse_pal" -0.0531157913536702 0.998588359990679 0.0309905683294496 0.817
"pse_sch" -0.990474441962057 -0.137696695021893 0.0595196127748296 0.563
"sph_fun" 0.0839489023852019 0.996470060658282 0.139819146654623 0.091
"tac_pan" 0.369000465661483 0.929429209967929 0.488566141341285 0.001
"tac_hel" -0.99799203347943 -0.0633395698721734 0.0171656215785496 0.855
"tac_obs" 0.429624429130213 -0.903007668790547 0.01391611033067 0.806
"tac_pom" -0.92863947578498 -0.370983455175291 0.588520348090714 0.001
"tac_psa" 0.567258736617695 -0.823539632155549 0.0476909120279242 0.617
"tac_uni" 0.178937562268693 0.983860431570117 0.0300961265889409 0.847
"try_att" 0.721127854633059 -0.69280200437955 0.438307329705876 0.002
"try_dec" 0.863493900877424 -0.50435927982688 0.488429073779323 0.001
"try_med" 0.204480253040837 -0.978870689170104 0.20033771909138 0.028
"try_min" 0.520861716855732 -0.853641067377911 0.334910980702918 0.007
"amm_pun" 0.784628684001871 -0.619965989584503 0.0668203595464321 0.421
"bom_boh" -0.0201880160032239 -0.999796201237959 0.175339427651852 0.061
"bom_cam" 0.298892700227034 -0.954286725125626 0.128544936876568 0.139
"bom_qua" -0.755822799896508 0.65477621761683 0.020727431764037 0.841
"bom_rup" -0.390454004806441 -0.920622436252024 0.206735386894004 0.034
"bom_sylv" -0.759025922154826 -0.65106040387741 0.0561691176788189 0.437
"bom_ves" -0.281698232688448 0.959503051428293 0.0109257134295543 1
"coe_ala" 0.951161741438596 -0.308692956873814 0.0501139627242648 0.517
"coe_aur" -0.281698232688448 0.959503051428293 0.0109257134295543 1
"coe_con" 0.982130989486976 0.188198617129173 0.0951115397989941 0.222
"coe_elo" 0.585660089998214 0.810556758643886 0.0236372010615053 0.872
"coe_man" 0.281209296876857 -0.959646461646175 0.11224295901063 0.18
"coe_ruf" -0.645475272268903 -0.763781168195043 0.0453275435137776 0.55
"col_qua" 0.144254801829168 0.989540576302573 0.355330043497626 0.002
"epe_coe" 0.909068619033553 -0.416646427907919 0.0326868708665918 0.627
"epe_var" 0.767111735718128 0.641513511099743 0.381844690487288 0.002
"nom_arm" 0.743289397780215 -0.668970007659181 0.16453702104727 0.058
"nom_flg" 0.152944560020163 0.988234770467139 0.0862760369390297 0.393
"nom_fla" 0.866841733720266 0.498583401930754 0.162340013567026 0.076
"nom_fuc" -0.0796270891668289 0.996824722140667 0.138167562154049 0.125
"nom_ful" -0.391847617314668 0.920030132552634 0.109784306561295 0.184
"nom_fur" -0.0519989143324321 0.998647141340848 0.0340065608493412 0.76
"nom_fus" 0.999178835656557 0.0405173342658123 0.109924129632267 0.175
"nom_fat" -0.89670599918934 0.44262664969232 0.0712008098791234 0.372
"nom_ita" 0.0346599657263204 0.999399162885306 0.0955370854230412 0.242
"nom_moe" -0.129989124942677 0.991515419646431 0.0417406477940238 0.58
"nom_rob" 0.75743736898348 0.652907828155999 0.197745906376474 0.039
"nom_she" 0.682616560411348 -0.730776731602875 0.103825389940572 0.184
"nom_sig" -0.794581200316873 0.607157900469884 0.0308223692079286 0.693
"nom_sti" 0.472287372429181 -0.881444631184478 0.0782083170988893 0.355
"nom_str" -0.991550771321783 -0.129719188600515 0.14214392327441 0.098
"nom_suc" -0.730385428167993 0.683035230657876 0.0616502318226275 0.373
"sph_cra" 0.0526121288255987 0.998615022869393 0.196514004731226 0.029
"sph_eph" -0.31293397657647 -0.949774881908359 0.0195455104543431 0.798
"sph_fer" 0.587933560294139 -0.808909221532218 0.183230874162005 0.031
"spg_geo" 0.0513857049701079 0.998678881985959 0.149116784869009 0.093
"sph_gib" -0.999395143932457 -0.034775656488747 0.0405283655330119 0.541
"sph_hya" -0.129989124942677 0.991515419646431 0.0417406477940238 0.58
"sph_lon" -0.956708753114181 0.291047009458453 0.0333740175205335 0.654
"sph_min" 0.800455617474833 0.599392029020227 0.0510656737560325 0.544
"sph_mon" -0.109221928098481 0.994017389396408 0.00497024243757956 0.93
"sph_pel" -0.0853389015890573 0.99635198191983 0.0974272583581066 0.24
"sph_pun" 0.156523377331066 0.987674254169297 0.257764794254217 0.008
"sph_ret" -0.916839082449964 0.399256930925824 0.00103761838427919 0.988
"ste_orn" -0.978231374036033 -0.207517177244619 0.0504353974822934 0.482
"ste_pun" 0.84105180579652 0.54095458216602 0.0502658988583455 0.473
"ste_sig" 0.718132158972858 -0.695906748242164 0.0485687850959608 0.541
"thy_his" 0.7392391299607 -0.673443025604206 0.186461193498711 0.032
"thy_orb" 0.707115563714635 -0.707097998549376 0.0936949124167923 0.297
"nys_dim" 0.641854878496337 -0.766826130847438 0.132278384974068 0.108
"nys_mac" -0.898682826859709 -0.438599107052719 0.279977560846595 0.015
"nys_nig" -0.503104812654394 -0.864225403169791 0.0886810019588739 0.287
"chr_bic" 0.438672023137889 -0.898647236748721 0.107011695060613 0.181
"chr_ful" 0.100615685890002 -0.994925365920924 0.0218472507721216 0.842
"chr_spl" -0.256293983911779 0.966598879479295 0.164737997890085 0.059
"hed_cha" 0.755288412028416 0.655392565303874 0.00259740815470268 0.968
"hed_cor" -0.107347325871926 0.994221580749556 0.0120768107229989 0.966
"hed_ger" 0.926744377381228 0.375692505903803 0.0227519192628139 0.745
"hed_nie" 0.178981846215549 0.983852376490128 0.424884942016644 0.003
"hed_nob" 0.902924117611299 0.429799997482384 0.117689420681346 0.164
"hed_rut" 0.926232577001276 -0.376952534547223 0.0191405442483737 0.761
"par_gra" 0.305433992856506 0.952213251329623 0.121269815191873 0.158
"pse_neg" 0.19283831695232 0.981230545547272 3.68964538084705e-05 0.999
